1);0.873279;-0.135501;1.5;3.42857;6.16071;7.55357;13.5;
2);1.01506;0.0149473;1.5;4.33305;7.06291;10.0439;13.5;
3);1.03799;0.03729;1.5;5.19298;8.32727;11.5144;13.5;
4);1.05739;0.0558024;1.5;6.10126;9.53735;12.446;13.5;
5);1.07353;0.0709554;1.5;7.00927;10.5598;13.097;13.5;
6);1.08673;0.08317;1.5;7.84187;11.3912;13.5866;13.5;
7);1.09738;0.0929263;1.5;8.55431;12.0608;13.9709;13.5;
8);1.1059;0.100663;1.5;9.13659;12.5977;14.2786;13.5;
9);1.11266;0.106756;1.5;9.59954;13.026;14.5266;13.5;
10);1.11798;0.111527;1.5;9.96196;13.3656;14.7263;13.5;
11);1.12215;0.115246;1.5;10.2433;13.6331;14.8861;13.5;
12);1.1254;0.118135;1.5;10.4609;13.8429;15.0133;13.5;
13);1.12792;0.120373;1.5;10.6288;14.0067;15.1138;13.5;
14);1.12987;0.122104;1.5;10.7581;14.1342;15.1929;13.5;
15);1.13138;0.123441;1.5;10.8578;14.2331;15.2547;13.5;
16);1.13255;0.124473;1.5;10.9346;14.3097;15.3029;13.5;
17);1.13345;0.125269;1.5;10.9937;14.369;15.3403;13.5;
18);1.13415;0.125882;1.5;11.0392;14.4147;15.3693;13.5;
19);1.13468;0.126355;1.5;11.0743;14.4501;15.3918;13.5;
20);1.1351;0.126719;1.5;11.1013;14.4773;15.4092;13.5;
21);1.13542;0.126999;1.5;11.1221;14.4984;15.4226;13.5;
22);1.13566;0.127215;1.5;11.1381;14.5146;15.433;13.5;
23);1.13585;0.127381;1.5;11.1504;14.527;15.4409;13.5;
24);1.136;0.127509;1.5;11.1598;14.5366;15.4471;13.5;
25);1.13611;0.127608;1.5;11.1671;14.544;15.4518;13.5;
26);1.13619;0.127684;1.5;11.1728;14.5497;15.4555;13.5;
27);1.13626;0.127742;1.5;11.1771;14.5541;15.4583;13.5;
28);1.13631;0.127787;1.5;11.1804;14.5575;15.4605;13.5;
29);1.13635;0.127822;1.5;11.183;14.5601;15.4621;13.5;
30);1.13638;0.127848;1.5;11.1849;14.5621;15.4634;13.5;
31);1.1364;0.127869;1.5;11.1864;14.5637;15.4644;13.5;
32);1.13642;0.127884;1.5;11.1876;14.5648;15.4652;13.5;
33);1.13644;0.127897;1.5;11.1885;14.5658;15.4658;13.5;
34);1.13645;0.127906;1.5;11.1892;14.5665;15.4662;13.5;
35);1.13645;0.127913;1.5;11.1897;14.567;15.4665;13.5;
36);1.13646;0.127919;1.5;11.1901;14.5674;15.4668;13.5;
37);1.13647;0.127923;1.5;11.1905;14.5677;15.467;13.5;
38);1.13647;0.127926;1.5;11.1907;14.568;15.4672;13.5;
39);1.13647;0.127929;1.5;11.1909;14.5682;15.4673;13.5;
40);1.13647;0.127931;1.5;11.191;14.5683;15.4674;13.5;
41);1.13648;0.127932;1.5;11.1911;14.5684;15.4675;13.5;
42);1.13648;0.127933;1.5;11.1912;14.5685;15.4675;13.5;
43);1.13648;0.127934;1.5;11.1913;14.5686;15.4676;13.5;
44);1.13648;0.127935;1.5;11.1913;14.5686;15.4676;13.5;
45);1.13648;0.127935;1.5;11.1914;14.5687;15.4676;13.5;
46);1.13648;0.127936;1.5;11.1914;14.5687;15.4676;13.5;
47);1.13648;0.127936;1.5;11.1914;14.5687;15.4677;13.5;
48);1.13648;0.127936;1.5;11.1915;14.5687;15.4677;13.5;
49);1.13648;0.127937;1.5;11.1915;14.5688;15.4677;13.5;
50);1.13648;0.127937;1.5;11.1915;14.5688;15.4677;13.5;
51);1.13648;0.127937;1.5;11.1915;14.5688;15.4677;13.5;
52);1.13648;0.127937;1.5;11.1915;14.5688;15.4677;13.5;
53);1.13648;0.127937;1.5;11.1915;14.5688;15.4677;13.5;
54);1.13648;0.127937;1.5;11.1915;14.5688;15.4677;13.5;
55);1.13648;0.127937;1.5;11.1915;14.5688;15.4677;13.5;
56);1.13648;0.127937;1.5;11.1915;14.5688;15.4677;13.5;
57);1.13648;0.127937;1.5;11.1915;14.5688;15.4677;13.5;
58);1.13648;0.127937;1.5;11.1915;14.5688;15.4677;13.5;
59);1.13648;0.127937;1.5;11.1915;14.5688;15.4677;13.5;
60);1.13648;0.127937;1.5;11.1915;14.5688;15.4677;13.5;
61);1.13648;0.127937;1.5;11.1915;14.5688;15.4677;13.5;
62);1.13648;0.127937;1.5;11.1915;14.5688;15.4677;13.5;
63);1.13648;0.127937;1.5;11.1915;14.5688;15.4677;13.5;
64);1.13648;0.127937;1.5;11.1915;14.5688;15.4677;13.5;
65);1.13648;0.127937;1.5;11.1915;14.5688;15.4677;13.5;
66);1.13648;0.127937;1.5;11.1915;14.5688;15.4677;13.5;
67);1.13648;0.127937;1.5;11.1915;14.5688;15.4677;13.5;
68);1.13648;0.127937;1.5;11.1915;14.5688;15.4677;13.5;
69);1.13648;0.127937;1.5;11.1915;14.5688;15.4677;13.5;
70);1.13648;0.127937;1.5;11.1915;14.5688;15.4677;13.5;
71);1.13648;0.127937;1.5;11.1915;14.5688;15.4677;13.5;
72);1.13648;0.127937;1.5;11.1915;14.5688;15.4677;13.5;
73);1.13648;0.127937;1.5;11.1915;14.5688;15.4677;13.5;
74);1.13648;0.127937;1.5;11.1915;14.5688;15.4677;13.5;
75);1.13648;0.127937;1.5;11.1915;14.5688;15.4677;13.5;
76);1.13648;0.127937;1.5;11.1915;14.5688;15.4677;13.5;
77);1.13648;0.127937;1.5;11.1915;14.5688;15.4677;13.5;
78);1.13648;0.127937;1.5;11.1915;14.5688;15.4677;13.5;
79);1.13648;0.127937;1.5;11.1915;14.5688;15.4677;13.5;
80);1.13648;0.127937;1.5;11.1915;14.5688;15.4677;13.5;
81);1.13648;0.127937;1.5;11.1915;14.5688;15.4677;13.5;
82);1.13648;0.127937;1.5;11.1915;14.5688;15.4677;13.5;
83);1.13648;0.127937;1.5;11.1915;14.5688;15.4677;13.5;
84);1.13648;0.127937;1.5;11.1915;14.5688;15.4677;13.5;
85);1.13648;0.127937;1.5;11.1915;14.5688;15.4677;13.5;
86);1.13648;0.127937;1.5;11.1915;14.5688;15.4677;13.5;
87);1.13648;0.127937;1.5;11.1915;14.5688;15.4677;13.5;
88);1.13648;0.127937;1.5;11.1915;14.5688;15.4677;13.5;
89);1.13648;0.127937;1.5;11.1915;14.5688;15.4677;13.5;
90);1.13648;0.127937;1.5;11.1915;14.5688;15.4677;13.5;
91);1.13648;0.127937;1.5;11.1915;14.5688;15.4677;13.5;
92);1.13648;0.127937;1.5;11.1915;14.5688;15.4677;13.5;
93);1.13648;0.127937;1.5;11.1915;14.5688;15.4677;13.5;
94);1.13648;0.127937;1.5;11.1915;14.5688;15.4677;13.5;
95);1.13648;0.127937;1.5;11.1915;14.5688;15.4677;13.5;
96);1.13648;0.127937;1.5;11.1915;14.5688;15.4677;13.5;
97);1.13648;0.127937;1.5;11.1915;14.5688;15.4677;13.5;
98);1.13648;0.127937;1.5;11.1915;14.5688;15.4677;13.5;
99);1.13648;0.127937;1.5;11.1915;14.5688;15.4677;13.5;
100);1.13648;0.127937;1.5;11.1915;14.5688;15.4677;13.5;
101);1.13648;0.127937;1.5;11.1915;14.5688;15.4677;13.5;
102);1.13648;0.127937;1.5;11.1915;14.5688;15.4677;13.5;
103);1.13648;0.127937;1.5;11.1915;14.5688;15.4677;13.5;
104);1.13648;0.127937;1.5;11.1915;14.5688;15.4677;13.5;
105);1.13648;0.127937;1.5;11.1915;14.5688;15.4677;13.5;
106);1.13648;0.127937;1.5;11.1915;14.5688;15.4677;13.5;
107);1.13648;0.127937;1.5;11.1915;14.5688;15.4677;13.5;
108);1.13648;0.127937;1.5;11.1915;14.5688;15.4677;13.5;
109);1.13648;0.127937;1.5;11.1915;14.5688;15.4677;13.5;
110);1.13648;0.127937;1.5;11.1915;14.5688;15.4677;13.5;
111);1.13648;0.127937;1.5;11.1915;14.5688;15.4677;13.5;
112);1.13648;0.127937;1.5;11.1915;14.5688;15.4677;13.5;
113);1.13648;0.127937;1.5;11.1915;14.5688;15.4677;13.5;
114);1.13648;0.127937;1.5;11.1915;14.5688;15.4677;13.5;
115);1.13648;0.127937;1.5;11.1915;14.5688;15.4677;13.5;
116);1.13648;0.127937;1.5;11.1915;14.5688;15.4677;13.5;
117);1.13648;0.127937;1.5;11.1915;14.5688;15.4677;13.5;
118);1.13648;0.127937;1.5;11.1915;14.5688;15.4677;13.5;
119);1.13648;0.127937;1.5;11.1915;14.5688;15.4677;13.5;
120);1.13648;0.127937;1.5;11.1915;14.5688;15.4677;13.5;
121);1.13648;0.127937;1.5;11.1915;14.5688;15.4677;13.5;
122);1.13648;0.127937;1.5;11.1915;14.5688;15.4677;13.5;
123);1.13648;0.127937;1.5;11.1915;14.5688;15.4677;13.5;
124);1.13648;0.127937;1.5;11.1915;14.5688;15.4677;13.5;
125);1.13648;0.127937;1.5;11.1915;14.5688;15.4677;13.5;
126);1.13648;0.127937;1.5;11.1915;14.5688;15.4677;13.5;
127);1.13648;0.127937;1.5;11.1915;14.5688;15.4677;13.5;
128);1.13648;0.127937;1.5;11.1915;14.5688;15.4677;13.5;
129);1.13648;0.127937;1.5;11.1915;14.5688;15.4677;13.5;
130);1.13648;0.127937;1.5;11.1915;14.5688;15.4677;13.5;
131);1.13648;0.127937;1.5;11.1915;14.5688;15.4677;13.5;
132);1.13648;0.127937;1.5;11.1915;14.5688;15.4677;13.5;
133);1.13648;0.127937;1.5;11.1915;14.5688;15.4677;13.5;
134);1.13648;0.127937;1.5;11.1915;14.5688;15.4677;13.5;
135);1.13648;0.127937;1.5;11.1915;14.5688;15.4677;13.5;
136);1.13648;0.127937;1.5;11.1915;14.5688;15.4677;13.5;
137);1.13648;0.127937;1.5;11.1915;14.5688;15.4677;13.5;
138);1.13648;0.127937;1.5;11.1915;14.5688;15.4677;13.5;
139);1.13648;0.127937;1.5;11.1915;14.5688;15.4677;13.5;
140);1.13648;0.127937;1.5;11.1915;14.5688;15.4677;13.5;
141);1.13648;0.127937;1.5;11.1915;14.5688;15.4677;13.5;
142);1.13648;0.127937;1.5;11.1915;14.5688;15.4677;13.5;
143);1.13648;0.127937;1.5;11.1915;14.5688;15.4677;13.5;
144);1.13648;0.127937;1.5;11.1915;14.5688;15.4677;13.5;
145);1.13648;0.127937;1.5;11.1915;14.5688;15.4677;13.5;
146);1.13648;0.127937;1.5;11.1915;14.5688;15.4677;13.5;
147);1.13648;0.127937;1.5;11.1915;14.5688;15.4677;13.5;
148);1.13648;0.127937;1.5;11.1915;14.5688;15.4677;13.5;
149);1.13648;0.127937;1.5;11.1915;14.5688;15.4677;13.5;
150);1.13648;0.127937;1.5;11.1915;14.5688;15.4677;13.5;
151);1.13648;0.127937;1.5;11.1915;14.5688;15.4677;13.5;
152);1.13648;0.127937;1.5;11.1915;14.5688;15.4677;13.5;
153);1.13648;0.127937;1.5;11.1915;14.5688;15.4677;13.5;
154);1.13648;0.127937;1.5;11.1915;14.5688;15.4677;13.5;
155);1.13648;0.127937;1.5;11.1915;14.5688;15.4677;13.5;
156);1.13648;0.127937;1.5;11.1915;14.5688;15.4677;13.5;
157);1.13648;0.127937;1.5;11.1915;14.5688;15.4677;13.5;
158);1.13648;0.127937;1.5;11.1915;14.5688;15.4677;13.5;
159);1.13648;0.127937;1.5;11.1915;14.5688;15.4677;13.5;
160);1.13648;0.127937;1.5;11.1915;14.5688;15.4677;13.5;
161);1.13648;0.127937;1.5;11.1915;14.5688;15.4677;13.5;
162);1.13648;0.127937;1.5;11.1915;14.5688;15.4677;13.5;
163);1.13648;0.127937;1.5;11.1915;14.5688;15.4677;13.5;
164);1.13648;0.127937;1.5;11.1915;14.5688;15.4677;13.5;
165);1.13648;0.127937;1.5;11.1915;14.5688;15.4677;13.5;
166);1.13648;0.127937;1.5;11.1915;14.5688;15.4677;13.5;
167);1.13648;0.127937;1.5;11.1915;14.5688;15.4677;13.5;
168);1.13648;0.127937;1.5;11.1915;14.5688;15.4677;13.5;
169);1.13648;0.127937;1.5;11.1915;14.5688;15.4677;13.5;
170);1.13648;0.127937;1.5;11.1915;14.5688;15.4677;13.5;
171);1.13648;0.127937;1.5;11.1915;14.5688;15.4677;13.5;
172);1.13648;0.127937;1.5;11.1915;14.5688;15.4677;13.5;
173);1.13648;0.127937;1.5;11.1915;14.5688;15.4677;13.5;
174);1.13648;0.127937;1.5;11.1915;14.5688;15.4677;13.5;
175);1.13648;0.127937;1.5;11.1915;14.5688;15.4677;13.5;
176);1.13648;0.127937;1.5;11.1915;14.5688;15.4677;13.5;
177);1.13648;0.127937;1.5;11.1915;14.5688;15.4677;13.5;
178);1.13648;0.127937;1.5;11.1915;14.5688;15.4677;13.5;
179);1.13648;0.127937;1.5;11.1915;14.5688;15.4677;13.5;
180);1.13648;0.127937;1.5;11.1915;14.5688;15.4677;13.5;
181);1.13648;0.127937;1.5;11.1915;14.5688;15.4677;13.5;
182);1.13648;0.127937;1.5;11.1915;14.5688;15.4677;13.5;
183);1.13648;0.127937;1.5;11.1915;14.5688;15.4677;13.5;
184);1.13648;0.127937;1.5;11.1915;14.5688;15.4677;13.5;
185);1.13648;0.127937;1.5;11.1915;14.5688;15.4677;13.5;
186);1.13648;0.127937;1.5;11.1915;14.5688;15.4677;13.5;
187);1.13648;0.127937;1.5;11.1915;14.5688;15.4677;13.5;
188);1.13648;0.127937;1.5;11.1915;14.5688;15.4677;13.5;
189);1.13648;0.127937;1.5;11.1915;14.5688;15.4677;13.5;
190);1.13648;0.127937;1.5;11.1915;14.5688;15.4677;13.5;
191);1.13648;0.127937;1.5;11.1915;14.5688;15.4677;13.5;
192);1.13648;0.127937;1.5;11.1915;14.5688;15.4677;13.5;
193);1.13648;0.127937;1.5;11.1915;14.5688;15.4677;13.5;
194);1.13648;0.127937;1.5;11.1915;14.5688;15.4677;13.5;
195);1.13648;0.127937;1.5;11.1915;14.5688;15.4677;13.5;
196);1.13648;0.127937;1.5;11.1915;14.5688;15.4677;13.5;
197);1.13648;0.127937;1.5;11.1915;14.5688;15.4677;13.5;
198);1.13648;0.127937;1.5;11.1915;14.5688;15.4677;13.5;
199);1.13648;0.127937;1.5;11.1915;14.5688;15.4677;13.5;
200);1.13648;0.127937;1.5;11.1915;14.5688;15.4677;13.5;
201);1.13648;0.127937;1.5;11.1915;14.5688;15.4677;13.5;
202);1.13648;0.127937;1.5;11.1915;14.5688;15.4677;13.5;
203);1.13648;0.127937;1.5;11.1915;14.5688;15.4677;13.5;
204);1.13648;0.127937;1.5;11.1915;14.5688;15.4677;13.5;
205);1.13648;0.127937;1.5;11.1915;14.5688;15.4677;13.5;
206);1.13648;0.127937;1.5;11.1915;14.5688;15.4677;13.5;
207);1.13648;0.127937;1.5;11.1915;14.5688;15.4677;13.5;
208);1.13648;0.127937;1.5;11.1915;14.5688;15.4677;13.5;
209);1.13648;0.127937;1.5;11.1915;14.5688;15.4677;13.5;
210);1.13648;0.127937;1.5;11.1915;14.5688;15.4677;13.5;
211);1.13648;0.127937;1.5;11.1915;14.5688;15.4677;13.5;
212);1.13648;0.127937;1.5;11.1915;14.5688;15.4677;13.5;
213);1.13648;0.127937;1.5;11.1915;14.5688;15.4677;13.5;
214);1.13648;0.127937;1.5;11.1915;14.5688;15.4677;13.5;
215);1.13648;0.127937;1.5;11.1915;14.5688;15.4677;13.5;
216);1.13648;0.127937;1.5;11.1915;14.5688;15.4677;13.5;
217);1.13648;0.127937;1.5;11.1915;14.5688;15.4677;13.5;
218);1.13648;0.127937;1.5;11.1915;14.5688;15.4677;13.5;
219);1.13648;0.127937;1.5;11.1915;14.5688;15.4677;13.5;
220);1.13648;0.127937;1.5;11.1915;14.5688;15.4677;13.5;
221);1.13648;0.127937;1.5;11.1915;14.5688;15.4677;13.5;
222);1.13648;0.127937;1.5;11.1915;14.5688;15.4677;13.5;
223);1.13648;0.127937;1.5;11.1915;14.5688;15.4677;13.5;
224);1.13648;0.127937;1.5;11.1915;14.5688;15.4677;13.5;
225);1.13648;0.127937;1.5;11.1915;14.5688;15.4677;13.5;
226);1.13648;0.127937;1.5;11.1915;14.5688;15.4677;13.5;
227);1.13648;0.127937;1.5;11.1915;14.5688;15.4677;13.5;
228);1.13648;0.127937;1.5;11.1915;14.5688;15.4677;13.5;
229);1.13648;0.127937;1.5;11.1915;14.5688;15.4677;13.5;
230);1.13648;0.127937;1.5;11.1915;14.5688;15.4677;13.5;
231);1.13648;0.127937;1.5;11.1915;14.5688;15.4677;13.5;
232);1.13648;0.127937;1.5;11.1915;14.5688;15.4677;13.5;
233);1.13648;0.127937;1.5;11.1915;14.5688;15.4677;13.5;
234);1.13648;0.127937;1.5;11.1915;14.5688;15.4677;13.5;
235);1.13648;0.127937;1.5;11.1915;14.5688;15.4677;13.5;
236);1.13648;0.127937;1.5;11.1915;14.5688;15.4677;13.5;
237);1.13648;0.127937;1.5;11.1915;14.5688;15.4677;13.5;
238);1.13648;0.127937;1.5;11.1915;14.5688;15.4677;13.5;
239);1.13648;0.127937;1.5;11.1915;14.5688;15.4677;13.5;
240);1.13648;0.127937;1.5;11.1915;14.5688;15.4677;13.5;
241);1.13648;0.127937;1.5;11.1915;14.5688;15.4677;13.5;
242);1.13648;0.127937;1.5;11.1915;14.5688;15.4677;13.5;
243);1.13648;0.127937;1.5;11.1915;14.5688;15.4677;13.5;
244);1.13648;0.127937;1.5;11.1915;14.5688;15.4677;13.5;
245);1.13648;0.127937;1.5;11.1915;14.5688;15.4677;13.5;
246);1.13648;0.127937;1.5;11.1915;14.5688;15.4677;13.5;
247);1.13648;0.127937;1.5;11.1915;14.5688;15.4677;13.5;
248);1.13648;0.127937;1.5;11.1915;14.5688;15.4677;13.5;
249);1.13648;0.127937;1.5;11.1915;14.5688;15.4677;13.5;
250);1.13648;0.127937;1.5;11.1915;14.5688;15.4677;13.5;
251);1.13648;0.127937;1.5;11.1915;14.5688;15.4677;13.5;
252);1.13648;0.127937;1.5;11.1915;14.5688;15.4677;13.5;
253);1.13648;0.127937;1.5;11.1915;14.5688;15.4677;13.5;
254);1.13648;0.127937;1.5;11.1915;14.5688;15.4677;13.5;
255);1.13648;0.127937;1.5;11.1915;14.5688;15.4677;13.5;
256);1.13648;0.127937;1.5;11.1915;14.5688;15.4677;13.5;
257);1.13648;0.127937;1.5;11.1915;14.5688;15.4677;13.5;
258);1.13648;0.127937;1.5;11.1915;14.5688;15.4677;13.5;
259);1.13648;0.127937;1.5;11.1915;14.5688;15.4677;13.5;
260);1.13648;0.127937;1.5;11.1915;14.5688;15.4677;13.5;
261);1.13648;0.127937;1.5;11.1915;14.5688;15.4677;13.5;
262);1.13648;0.127937;1.5;11.1915;14.5688;15.4677;13.5;
263);1.13648;0.127937;1.5;11.1915;14.5688;15.4677;13.5;
264);1.13648;0.127937;1.5;11.1915;14.5688;15.4677;13.5;
265);1.13648;0.127937;1.5;11.1915;14.5688;15.4677;13.5;
266);1.13648;0.127937;1.5;11.1915;14.5688;15.4677;13.5;
267);1.13648;0.127937;1.5;11.1915;14.5688;15.4677;13.5;
268);1.13648;0.127937;1.5;11.1915;14.5688;15.4677;13.5;
269);1.13648;0.127937;1.5;11.1915;14.5688;15.4677;13.5;
270);1.13648;0.127937;1.5;11.1915;14.5688;15.4677;13.5;
271);1.13648;0.127937;1.5;11.1915;14.5688;15.4677;13.5;
272);1.13648;0.127937;1.5;11.1915;14.5688;15.4677;13.5;
273);1.13648;0.127937;1.5;11.1915;14.5688;15.4677;13.5;
274);1.13648;0.127937;1.5;11.1915;14.5688;15.4677;13.5;
275);1.13648;0.127937;1.5;11.1915;14.5688;15.4677;13.5;
276);1.13648;0.127937;1.5;11.1915;14.5688;15.4677;13.5;
277);1.13648;0.127937;1.5;11.1915;14.5688;15.4677;13.5;
278);1.13648;0.127937;1.5;11.1915;14.5688;15.4677;13.5;
279);1.13648;0.127937;1.5;11.1915;14.5688;15.4677;13.5;
280);1.13648;0.127937;1.5;11.1915;14.5688;15.4677;13.5;
281);1.13648;0.127937;1.5;11.1915;14.5688;15.4677;13.5;
282);1.13648;0.127937;1.5;11.1915;14.5688;15.4677;13.5;
283);1.13648;0.127937;1.5;11.1915;14.5688;15.4677;13.5;
284);1.13648;0.127937;1.5;11.1915;14.5688;15.4677;13.5;
285);1.13648;0.127937;1.5;11.1915;14.5688;15.4677;13.5;
286);1.13648;0.127937;1.5;11.1915;14.5688;15.4677;13.5;
287);1.13648;0.127937;1.5;11.1915;14.5688;15.4677;13.5;
288);1.13648;0.127937;1.5;11.1915;14.5688;15.4677;13.5;
289);1.13648;0.127937;1.5;11.1915;14.5688;15.4677;13.5;
290);1.13648;0.127937;1.5;11.1915;14.5688;15.4677;13.5;
291);1.13648;0.127937;1.5;11.1915;14.5688;15.4677;13.5;
292);1.13648;0.127937;1.5;11.1915;14.5688;15.4677;13.5;
293);1.13648;0.127937;1.5;11.1915;14.5688;15.4677;13.5;
294);1.13648;0.127937;1.5;11.1915;14.5688;15.4677;13.5;
295);1.13648;0.127937;1.5;11.1915;14.5688;15.4677;13.5;
296);1.13648;0.127937;1.5;11.1915;14.5688;15.4677;13.5;
297);1.13648;0.127937;1.5;11.1915;14.5688;15.4677;13.5;
298);1.13648;0.127937;1.5;11.1915;14.5688;15.4677;13.5;
299);1.13648;0.127937;1.5;11.1915;14.5688;15.4677;13.5;
300);1.13648;0.127937;1.5;11.1915;14.5688;15.4677;13.5;
301);1.13648;0.127937;1.5;11.1915;14.5688;15.4677;13.5;
302);1.13648;0.127937;1.5;11.1915;14.5688;15.4677;13.5;
303);1.13648;0.127937;1.5;11.1915;14.5688;15.4677;13.5;
304);1.13648;0.127937;1.5;11.1915;14.5688;15.4677;13.5;
305);1.13648;0.127937;1.5;11.1915;14.5688;15.4677;13.5;
306);1.13648;0.127937;1.5;11.1915;14.5688;15.4677;13.5;
307);1.13648;0.127937;1.5;11.1915;14.5688;15.4677;13.5;
308);1.13648;0.127937;1.5;11.1915;14.5688;15.4677;13.5;
309);1.13648;0.127937;1.5;11.1915;14.5688;15.4677;13.5;
310);1.13648;0.127937;1.5;11.1915;14.5688;15.4677;13.5;
311);1.13648;0.127937;1.5;11.1915;14.5688;15.4677;13.5;
312);1.13648;0.127937;1.5;11.1915;14.5688;15.4677;13.5;
313);1.13648;0.127937;1.5;11.1915;14.5688;15.4677;13.5;
314);1.13648;0.127937;1.5;11.1915;14.5688;15.4677;13.5;
315);1.13648;0.127937;1.5;11.1915;14.5688;15.4677;13.5;
316);1.13648;0.127937;1.5;11.1915;14.5688;15.4677;13.5;
317);1.13648;0.127937;1.5;11.1915;14.5688;15.4677;13.5;
318);1.13648;0.127937;1.5;11.1915;14.5688;15.4677;13.5;
319);1.13648;0.127937;1.5;11.1915;14.5688;15.4677;13.5;
320);1.13648;0.127937;1.5;11.1915;14.5688;15.4677;13.5;
321);1.13648;0.127937;1.5;11.1915;14.5688;15.4677;13.5;
322);1.13648;0.127937;1.5;11.1915;14.5688;15.4677;13.5;
323);1.13648;0.127937;1.5;11.1915;14.5688;15.4677;13.5;
324);1.13648;0.127937;1.5;11.1915;14.5688;15.4677;13.5;
325);1.13648;0.127937;1.5;11.1915;14.5688;15.4677;13.5;
326);1.13648;0.127937;1.5;11.1915;14.5688;15.4677;13.5;
327);1.13648;0.127937;1.5;11.1915;14.5688;15.4677;13.5;
328);1.13648;0.127937;1.5;11.1915;14.5688;15.4677;13.5;
329);1.13648;0.127937;1.5;11.1915;14.5688;15.4677;13.5;
330);1.13648;0.127937;1.5;11.1915;14.5688;15.4677;13.5;
331);1.13648;0.127937;1.5;11.1915;14.5688;15.4677;13.5;
332);1.13648;0.127937;1.5;11.1915;14.5688;15.4677;13.5;
333);1.13648;0.127937;1.5;11.1915;14.5688;15.4677;13.5;
334);1.13648;0.127937;1.5;11.1915;14.5688;15.4677;13.5;
335);1.13648;0.127937;1.5;11.1915;14.5688;15.4677;13.5;
336);1.13648;0.127937;1.5;11.1915;14.5688;15.4677;13.5;
337);1.13648;0.127937;1.5;11.1915;14.5688;15.4677;13.5;
338);1.13648;0.127937;1.5;11.1915;14.5688;15.4677;13.5;
339);1.13648;0.127937;1.5;11.1915;14.5688;15.4677;13.5;
340);1.13648;0.127937;1.5;11.1915;14.5688;15.4677;13.5;
341);1.13648;0.127937;1.5;11.1915;14.5688;15.4677;13.5;
342);1.13648;0.127937;1.5;11.1915;14.5688;15.4677;13.5;
343);1.13648;0.127937;1.5;11.1915;14.5688;15.4677;13.5;
344);1.13648;0.127937;1.5;11.1915;14.5688;15.4677;13.5;
345);1.13648;0.127937;1.5;11.1915;14.5688;15.4677;13.5;
346);1.13648;0.127937;1.5;11.1915;14.5688;15.4677;13.5;
347);1.13648;0.127937;1.5;11.1915;14.5688;15.4677;13.5;
348);1.13648;0.127937;1.5;11.1915;14.5688;15.4677;13.5;
349);1.13648;0.127937;1.5;11.1915;14.5688;15.4677;13.5;
350);1.13648;0.127937;1.5;11.1915;14.5688;15.4677;13.5;
351);1.13648;0.127937;1.5;11.1915;14.5688;15.4677;13.5;
352);1.13648;0.127937;1.5;11.1915;14.5688;15.4677;13.5;
353);1.13648;0.127937;1.5;11.1915;14.5688;15.4677;13.5;
354);1.13648;0.127937;1.5;11.1915;14.5688;15.4677;13.5;
355);1.13648;0.127937;1.5;11.1915;14.5688;15.4677;13.5;
356);1.13648;0.127937;1.5;11.1915;14.5688;15.4677;13.5;
357);1.13648;0.127937;1.5;11.1915;14.5688;15.4677;13.5;
358);1.13648;0.127937;1.5;11.1915;14.5688;15.4677;13.5;
359);1.13648;0.127937;1.5;11.1915;14.5688;15.4677;13.5;
360);1.13648;0.127937;1.5;11.1915;14.5688;15.4677;13.5;
361);1.13648;0.127937;1.5;11.1915;14.5688;15.4677;13.5;
362);1.13648;0.127937;1.5;11.1915;14.5688;15.4677;13.5;
363);1.13648;0.127937;1.5;11.1915;14.5688;15.4677;13.5;
364);1.13648;0.127937;1.5;11.1915;14.5688;15.4677;13.5;
365);1.13648;0.127937;1.5;11.1915;14.5688;15.4677;13.5;
366);1.13648;0.127937;1.5;11.1915;14.5688;15.4677;13.5;
367);1.13648;0.127937;1.5;11.1915;14.5688;15.4677;13.5;
368);1.13648;0.127937;1.5;11.1915;14.5688;15.4677;13.5;
369);1.13648;0.127937;1.5;11.1915;14.5688;15.4677;13.5;
370);1.13648;0.127937;1.5;11.1915;14.5688;15.4677;13.5;
371);1.13648;0.127937;1.5;11.1915;14.5688;15.4677;13.5;
372);1.13648;0.127937;1.5;11.1915;14.5688;15.4677;13.5;
373);1.13648;0.127937;1.5;11.1915;14.5688;15.4677;13.5;
374);1.13648;0.127937;1.5;11.1915;14.5688;15.4677;13.5;
375);1.13648;0.127937;1.5;11.1915;14.5688;15.4677;13.5;
376);1.13648;0.127937;1.5;11.1915;14.5688;15.4677;13.5;
377);1.13648;0.127937;1.5;11.1915;14.5688;15.4677;13.5;
378);1.13648;0.127937;1.5;11.1915;14.5688;15.4677;13.5;
379);1.13648;0.127937;1.5;11.1915;14.5688;15.4677;13.5;
380);1.13648;0.127937;1.5;11.1915;14.5688;15.4677;13.5;
381);1.13648;0.127937;1.5;11.1915;14.5688;15.4677;13.5;
382);1.13648;0.127937;1.5;11.1915;14.5688;15.4677;13.5;
383);1.13648;0.127937;1.5;11.1915;14.5688;15.4677;13.5;
384);1.13648;0.127937;1.5;11.1915;14.5688;15.4677;13.5;
385);1.13648;0.127937;1.5;11.1915;14.5688;15.4677;13.5;
386);1.13648;0.127937;1.5;11.1915;14.5688;15.4677;13.5;
387);1.13648;0.127937;1.5;11.1915;14.5688;15.4677;13.5;
388);1.13648;0.127937;1.5;11.1915;14.5688;15.4677;13.5;
389);1.13648;0.127937;1.5;11.1915;14.5688;15.4677;13.5;
390);1.13648;0.127937;1.5;11.1915;14.5688;15.4677;13.5;
391);1.13648;0.127937;1.5;11.1915;14.5688;15.4677;13.5;
392);1.13648;0.127937;1.5;11.1915;14.5688;15.4677;13.5;
393);1.13648;0.127937;1.5;11.1915;14.5688;15.4677;13.5;
394);1.13648;0.127937;1.5;11.1915;14.5688;15.4677;13.5;
395);1.13648;0.127937;1.5;11.1915;14.5688;15.4677;13.5;
396);1.13648;0.127937;1.5;11.1915;14.5688;15.4677;13.5;
397);1.13648;0.127937;1.5;11.1915;14.5688;15.4677;13.5;
398);1.13648;0.127937;1.5;11.1915;14.5688;15.4677;13.5;
399);1.13648;0.127937;1.5;11.1915;14.5688;15.4677;13.5;
400);1.13648;0.127937;1.5;11.1915;14.5688;15.4677;13.5;
401);1.13648;0.127937;1.5;11.1915;14.5688;15.4677;13.5;
402);1.13648;0.127937;1.5;11.1915;14.5688;15.4677;13.5;
403);1.13648;0.127937;1.5;11.1915;14.5688;15.4677;13.5;
404);1.13648;0.127937;1.5;11.1915;14.5688;15.4677;13.5;
405);1.13648;0.127937;1.5;11.1915;14.5688;15.4677;13.5;
406);1.13648;0.127937;1.5;11.1915;14.5688;15.4677;13.5;
407);1.13648;0.127937;1.5;11.1915;14.5688;15.4677;13.5;
408);1.13648;0.127937;1.5;11.1915;14.5688;15.4677;13.5;
409);1.13648;0.127937;1.5;11.1915;14.5688;15.4677;13.5;
410);1.13648;0.127937;1.5;11.1915;14.5688;15.4677;13.5;
411);1.13648;0.127937;1.5;11.1915;14.5688;15.4677;13.5;
412);1.13648;0.127937;1.5;11.1915;14.5688;15.4677;13.5;
413);1.13648;0.127937;1.5;11.1915;14.5688;15.4677;13.5;
414);1.13648;0.127937;1.5;11.1915;14.5688;15.4677;13.5;
415);1.13648;0.127937;1.5;11.1915;14.5688;15.4677;13.5;
416);1.13648;0.127937;1.5;11.1915;14.5688;15.4677;13.5;
417);1.13648;0.127937;1.5;11.1915;14.5688;15.4677;13.5;
418);1.13648;0.127937;1.5;11.1915;14.5688;15.4677;13.5;
419);1.13648;0.127937;1.5;11.1915;14.5688;15.4677;13.5;
420);1.13648;0.127937;1.5;11.1915;14.5688;15.4677;13.5;
421);1.13648;0.127937;1.5;11.1915;14.5688;15.4677;13.5;
422);1.13648;0.127937;1.5;11.1915;14.5688;15.4677;13.5;
423);1.13648;0.127937;1.5;11.1915;14.5688;15.4677;13.5;
424);1.13648;0.127937;1.5;11.1915;14.5688;15.4677;13.5;
425);1.13648;0.127937;1.5;11.1915;14.5688;15.4677;13.5;
426);1.13648;0.127937;1.5;11.1915;14.5688;15.4677;13.5;
427);1.13648;0.127937;1.5;11.1915;14.5688;15.4677;13.5;
428);1.13648;0.127937;1.5;11.1915;14.5688;15.4677;13.5;
429);1.13648;0.127937;1.5;11.1915;14.5688;15.4677;13.5;
430);1.13648;0.127937;1.5;11.1915;14.5688;15.4677;13.5;
431);1.13648;0.127937;1.5;11.1915;14.5688;15.4677;13.5;
432);1.13648;0.127937;1.5;11.1915;14.5688;15.4677;13.5;
433);1.13648;0.127937;1.5;11.1915;14.5688;15.4677;13.5;
434);1.13648;0.127937;1.5;11.1915;14.5688;15.4677;13.5;
435);1.13648;0.127937;1.5;11.1915;14.5688;15.4677;13.5;
436);1.13648;0.127937;1.5;11.1915;14.5688;15.4677;13.5;
437);1.13648;0.127937;1.5;11.1915;14.5688;15.4677;13.5;
438);1.13648;0.127937;1.5;11.1915;14.5688;15.4677;13.5;
439);1.13648;0.127937;1.5;11.1915;14.5688;15.4677;13.5;
440);1.13648;0.127937;1.5;11.1915;14.5688;15.4677;13.5;
441);1.13648;0.127937;1.5;11.1915;14.5688;15.4677;13.5;
442);1.13648;0.127937;1.5;11.1915;14.5688;15.4677;13.5;
443);1.13648;0.127937;1.5;11.1915;14.5688;15.4677;13.5;
444);1.13648;0.127937;1.5;11.1915;14.5688;15.4677;13.5;
445);1.13648;0.127937;1.5;11.1915;14.5688;15.4677;13.5;
446);1.13648;0.127937;1.5;11.1915;14.5688;15.4677;13.5;
447);1.13648;0.127937;1.5;11.1915;14.5688;15.4677;13.5;
448);1.13648;0.127937;1.5;11.1915;14.5688;15.4677;13.5;
449);1.13648;0.127937;1.5;11.1915;14.5688;15.4677;13.5;
450);1.13648;0.127937;1.5;11.1915;14.5688;15.4677;13.5;
451);1.13648;0.127937;1.5;11.1915;14.5688;15.4677;13.5;
452);1.13648;0.127937;1.5;11.1915;14.5688;15.4677;13.5;
453);1.13648;0.127937;1.5;11.1915;14.5688;15.4677;13.5;
454);1.13648;0.127937;1.5;11.1915;14.5688;15.4677;13.5;
455);1.13648;0.127937;1.5;11.1915;14.5688;15.4677;13.5;
456);1.13648;0.127937;1.5;11.1915;14.5688;15.4677;13.5;
457);1.13648;0.127937;1.5;11.1915;14.5688;15.4677;13.5;
458);1.13648;0.127937;1.5;11.1915;14.5688;15.4677;13.5;
459);1.13648;0.127937;1.5;11.1915;14.5688;15.4677;13.5;
460);1.13648;0.127937;1.5;11.1915;14.5688;15.4677;13.5;
461);1.13648;0.127937;1.5;11.1915;14.5688;15.4677;13.5;
462);1.13648;0.127937;1.5;11.1915;14.5688;15.4677;13.5;
463);1.13648;0.127937;1.5;11.1915;14.5688;15.4677;13.5;
464);1.13648;0.127937;1.5;11.1915;14.5688;15.4677;13.5;
465);1.13648;0.127937;1.5;11.1915;14.5688;15.4677;13.5;
466);1.13648;0.127937;1.5;11.1915;14.5688;15.4677;13.5;
467);1.13648;0.127937;1.5;11.1915;14.5688;15.4677;13.5;
468);1.13648;0.127937;1.5;11.1915;14.5688;15.4677;13.5;
469);1.13648;0.127937;1.5;11.1915;14.5688;15.4677;13.5;
470);1.13648;0.127937;1.5;11.1915;14.5688;15.4677;13.5;
471);1.13648;0.127937;1.5;11.1915;14.5688;15.4677;13.5;
472);1.13648;0.127937;1.5;11.1915;14.5688;15.4677;13.5;
473);1.13648;0.127937;1.5;11.1915;14.5688;15.4677;13.5;
474);1.13648;0.127937;1.5;11.1915;14.5688;15.4677;13.5;
475);1.13648;0.127937;1.5;11.1915;14.5688;15.4677;13.5;
476);1.13648;0.127937;1.5;11.1915;14.5688;15.4677;13.5;
477);1.13648;0.127937;1.5;11.1915;14.5688;15.4677;13.5;
478);1.13648;0.127937;1.5;11.1915;14.5688;15.4677;13.5;
479);1.13648;0.127937;1.5;11.1915;14.5688;15.4677;13.5;
480);1.13648;0.127937;1.5;11.1915;14.5688;15.4677;13.5;
481);1.13648;0.127937;1.5;11.1915;14.5688;15.4677;13.5;
482);1.13648;0.127937;1.5;11.1915;14.5688;15.4677;13.5;
483);1.13648;0.127937;1.5;11.1915;14.5688;15.4677;13.5;
484);1.13648;0.127937;1.5;11.1915;14.5688;15.4677;13.5;
485);1.13648;0.127937;1.5;11.1915;14.5688;15.4677;13.5;
486);1.13648;0.127937;1.5;11.1915;14.5688;15.4677;13.5;
487);1.13648;0.127937;1.5;11.1915;14.5688;15.4677;13.5;
488);1.13648;0.127937;1.5;11.1915;14.5688;15.4677;13.5;
489);1.13648;0.127937;1.5;11.1915;14.5688;15.4677;13.5;
490);1.13648;0.127937;1.5;11.1915;14.5688;15.4677;13.5;
491);1.13648;0.127937;1.5;11.1915;14.5688;15.4677;13.5;
492);1.13648;0.127937;1.5;11.1915;14.5688;15.4677;13.5;
493);1.13648;0.127937;1.5;11.1915;14.5688;15.4677;13.5;
494);1.13648;0.127937;1.5;11.1915;14.5688;15.4677;13.5;
495);1.13648;0.127937;1.5;11.1915;14.5688;15.4677;13.5;
496);1.13648;0.127937;1.5;11.1915;14.5688;15.4677;13.5;
497);1.13648;0.127937;1.5;11.1915;14.5688;15.4677;13.5;
498);1.13648;0.127937;1.5;11.1915;14.5688;15.4677;13.5;
499);1.13648;0.127937;1.5;11.1915;14.5688;15.4677;13.5;
500);1.13648;0.127937;1.5;11.1915;14.5688;15.4677;13.5;
501);1.13648;0.127937;1.5;11.1915;14.5688;15.4677;13.5;
502);1.13648;0.127937;1.5;11.1915;14.5688;15.4677;13.5;
503);1.13648;0.127937;1.5;11.1915;14.5688;15.4677;13.5;
504);1.13648;0.127937;1.5;11.1915;14.5688;15.4677;13.5;
505);1.13648;0.127937;1.5;11.1915;14.5688;15.4677;13.5;
506);1.13648;0.127937;1.5;11.1915;14.5688;15.4677;13.5;
507);1.13648;0.127937;1.5;11.1915;14.5688;15.4677;13.5;
508);1.13648;0.127937;1.5;11.1915;14.5688;15.4677;13.5;
509);1.13648;0.127937;1.5;11.1915;14.5688;15.4677;13.5;
510);1.13648;0.127937;1.5;11.1915;14.5688;15.4677;13.5;
511);1.13648;0.127937;1.5;11.1915;14.5688;15.4677;13.5;
512);1.13648;0.127937;1.5;11.1915;14.5688;15.4677;13.5;
513);1.13648;0.127937;1.5;11.1915;14.5688;15.4677;13.5;
514);1.13648;0.127937;1.5;11.1915;14.5688;15.4677;13.5;
515);1.13648;0.127937;1.5;11.1915;14.5688;15.4677;13.5;
516);1.13648;0.127937;1.5;11.1915;14.5688;15.4677;13.5;
517);1.13648;0.127937;1.5;11.1915;14.5688;15.4677;13.5;
518);1.13648;0.127937;1.5;11.1915;14.5688;15.4677;13.5;
519);1.13648;0.127937;1.5;11.1915;14.5688;15.4677;13.5;
520);1.13648;0.127937;1.5;11.1915;14.5688;15.4677;13.5;
521);1.13648;0.127937;1.5;11.1915;14.5688;15.4677;13.5;
522);1.13648;0.127937;1.5;11.1915;14.5688;15.4677;13.5;
523);1.13648;0.127937;1.5;11.1915;14.5688;15.4677;13.5;
524);1.13648;0.127937;1.5;11.1915;14.5688;15.4677;13.5;
525);1.13648;0.127937;1.5;11.1915;14.5688;15.4677;13.5;
526);1.13648;0.127937;1.5;11.1915;14.5688;15.4677;13.5;
527);1.13648;0.127937;1.5;11.1915;14.5688;15.4677;13.5;
528);1.13648;0.127937;1.5;11.1915;14.5688;15.4677;13.5;
529);1.13648;0.127937;1.5;11.1915;14.5688;15.4677;13.5;
530);1.13648;0.127937;1.5;11.1915;14.5688;15.4677;13.5;
531);1.13648;0.127937;1.5;11.1915;14.5688;15.4677;13.5;
532);1.13648;0.127937;1.5;11.1915;14.5688;15.4677;13.5;
533);1.13648;0.127937;1.5;11.1915;14.5688;15.4677;13.5;
534);1.13648;0.127937;1.5;11.1915;14.5688;15.4677;13.5;
535);1.13648;0.127937;1.5;11.1915;14.5688;15.4677;13.5;
536);1.13648;0.127937;1.5;11.1915;14.5688;15.4677;13.5;
537);1.13648;0.127937;1.5;11.1915;14.5688;15.4677;13.5;
538);1.13648;0.127937;1.5;11.1915;14.5688;15.4677;13.5;
539);1.13648;0.127937;1.5;11.1915;14.5688;15.4677;13.5;
540);1.13648;0.127937;1.5;11.1915;14.5688;15.4677;13.5;
541);1.13648;0.127937;1.5;11.1915;14.5688;15.4677;13.5;
542);1.13648;0.127937;1.5;11.1915;14.5688;15.4677;13.5;
543);1.13648;0.127937;1.5;11.1915;14.5688;15.4677;13.5;
544);1.13648;0.127937;1.5;11.1915;14.5688;15.4677;13.5;
545);1.13648;0.127937;1.5;11.1915;14.5688;15.4677;13.5;
546);1.13648;0.127937;1.5;11.1915;14.5688;15.4677;13.5;
547);1.13648;0.127937;1.5;11.1915;14.5688;15.4677;13.5;
548);1.13648;0.127937;1.5;11.1915;14.5688;15.4677;13.5;
549);1.13648;0.127937;1.5;11.1915;14.5688;15.4677;13.5;
550);1.13648;0.127937;1.5;11.1915;14.5688;15.4677;13.5;
551);1.13648;0.127937;1.5;11.1915;14.5688;15.4677;13.5;
552);1.13648;0.127937;1.5;11.1915;14.5688;15.4677;13.5;
553);1.13648;0.127937;1.5;11.1915;14.5688;15.4677;13.5;
554);1.13648;0.127937;1.5;11.1915;14.5688;15.4677;13.5;
555);1.13648;0.127937;1.5;11.1915;14.5688;15.4677;13.5;
556);1.13648;0.127937;1.5;11.1915;14.5688;15.4677;13.5;
557);1.13648;0.127937;1.5;11.1915;14.5688;15.4677;13.5;
558);1.13648;0.127937;1.5;11.1915;14.5688;15.4677;13.5;
559);1.13648;0.127937;1.5;11.1915;14.5688;15.4677;13.5;
560);1.13648;0.127937;1.5;11.1915;14.5688;15.4677;13.5;
561);1.13648;0.127937;1.5;11.1915;14.5688;15.4677;13.5;
562);1.13648;0.127937;1.5;11.1915;14.5688;15.4677;13.5;
563);1.13648;0.127937;1.5;11.1915;14.5688;15.4677;13.5;
564);1.13648;0.127937;1.5;11.1915;14.5688;15.4677;13.5;
565);1.13648;0.127937;1.5;11.1915;14.5688;15.4677;13.5;
566);1.13648;0.127937;1.5;11.1915;14.5688;15.4677;13.5;
567);1.13648;0.127937;1.5;11.1915;14.5688;15.4677;13.5;
568);1.13648;0.127937;1.5;11.1915;14.5688;15.4677;13.5;
569);1.13648;0.127937;1.5;11.1915;14.5688;15.4677;13.5;
570);1.13648;0.127937;1.5;11.1915;14.5688;15.4677;13.5;
571);1.13648;0.127937;1.5;11.1915;14.5688;15.4677;13.5;
572);1.13648;0.127937;1.5;11.1915;14.5688;15.4677;13.5;
573);1.13648;0.127937;1.5;11.1915;14.5688;15.4677;13.5;
574);1.13648;0.127937;1.5;11.1915;14.5688;15.4677;13.5;
575);1.13648;0.127937;1.5;11.1915;14.5688;15.4677;13.5;
576);1.13648;0.127937;1.5;11.1915;14.5688;15.4677;13.5;
577);1.13648;0.127937;1.5;11.1915;14.5688;15.4677;13.5;
578);1.13648;0.127937;1.5;11.1915;14.5688;15.4677;13.5;
579);1.13648;0.127937;1.5;11.1915;14.5688;15.4677;13.5;
580);1.13648;0.127937;1.5;11.1915;14.5688;15.4677;13.5;
581);1.13648;0.127937;1.5;11.1915;14.5688;15.4677;13.5;
582);1.13648;0.127937;1.5;11.1915;14.5688;15.4677;13.5;
583);1.13648;0.127937;1.5;11.1915;14.5688;15.4677;13.5;
584);1.13648;0.127937;1.5;11.1915;14.5688;15.4677;13.5;
585);1.13648;0.127937;1.5;11.1915;14.5688;15.4677;13.5;
586);1.13648;0.127937;1.5;11.1915;14.5688;15.4677;13.5;
587);1.13648;0.127937;1.5;11.1915;14.5688;15.4677;13.5;
588);1.13648;0.127937;1.5;11.1915;14.5688;15.4677;13.5;
589);1.13648;0.127937;1.5;11.1915;14.5688;15.4677;13.5;
590);1.13648;0.127937;1.5;11.1915;14.5688;15.4677;13.5;
591);1.13648;0.127937;1.5;11.1915;14.5688;15.4677;13.5;
592);1.13648;0.127937;1.5;11.1915;14.5688;15.4677;13.5;
593);1.13648;0.127937;1.5;11.1915;14.5688;15.4677;13.5;
594);1.13648;0.127937;1.5;11.1915;14.5688;15.4677;13.5;
595);1.13648;0.127937;1.5;11.1915;14.5688;15.4677;13.5;
596);1.13648;0.127937;1.5;11.1915;14.5688;15.4677;13.5;
597);1.13648;0.127937;1.5;11.1915;14.5688;15.4677;13.5;
598);1.13648;0.127937;1.5;11.1915;14.5688;15.4677;13.5;
599);1.13648;0.127937;1.5;11.1915;14.5688;15.4677;13.5;
600);1.13648;0.127937;1.5;11.1915;14.5688;15.4677;13.5;
601);1.13648;0.127937;1.5;11.1915;14.5688;15.4677;13.5;
602);1.13648;0.127937;1.5;11.1915;14.5688;15.4677;13.5;
603);1.13648;0.127937;1.5;11.1915;14.5688;15.4677;13.5;
604);1.13648;0.127937;1.5;11.1915;14.5688;15.4677;13.5;
605);1.13648;0.127937;1.5;11.1915;14.5688;15.4677;13.5;
606);1.13648;0.127937;1.5;11.1915;14.5688;15.4677;13.5;
607);1.13648;0.127937;1.5;11.1915;14.5688;15.4677;13.5;
608);1.13648;0.127937;1.5;11.1915;14.5688;15.4677;13.5;
609);1.13648;0.127937;1.5;11.1915;14.5688;15.4677;13.5;
610);1.13648;0.127937;1.5;11.1915;14.5688;15.4677;13.5;
611);1.13648;0.127937;1.5;11.1915;14.5688;15.4677;13.5;
612);1.13648;0.127937;1.5;11.1915;14.5688;15.4677;13.5;
613);1.13648;0.127937;1.5;11.1915;14.5688;15.4677;13.5;
614);1.13648;0.127937;1.5;11.1915;14.5688;15.4677;13.5;
615);1.13648;0.127937;1.5;11.1915;14.5688;15.4677;13.5;
616);1.13648;0.127937;1.5;11.1915;14.5688;15.4677;13.5;
617);1.13648;0.127937;1.5;11.1915;14.5688;15.4677;13.5;
618);1.13648;0.127937;1.5;11.1915;14.5688;15.4677;13.5;
619);1.13648;0.127937;1.5;11.1915;14.5688;15.4677;13.5;
620);1.13648;0.127937;1.5;11.1915;14.5688;15.4677;13.5;
621);1.13648;0.127937;1.5;11.1915;14.5688;15.4677;13.5;
622);1.13648;0.127937;1.5;11.1915;14.5688;15.4677;13.5;
623);1.13648;0.127937;1.5;11.1915;14.5688;15.4677;13.5;
624);1.13648;0.127937;1.5;11.1915;14.5688;15.4677;13.5;
625);1.13648;0.127937;1.5;11.1915;14.5688;15.4677;13.5;
626);1.13648;0.127937;1.5;11.1915;14.5688;15.4677;13.5;
627);1.13648;0.127937;1.5;11.1915;14.5688;15.4677;13.5;
628);1.13648;0.127937;1.5;11.1915;14.5688;15.4677;13.5;
629);1.13648;0.127937;1.5;11.1915;14.5688;15.4677;13.5;
630);1.13648;0.127937;1.5;11.1915;14.5688;15.4677;13.5;
631);1.13648;0.127937;1.5;11.1915;14.5688;15.4677;13.5;
632);1.13648;0.127937;1.5;11.1915;14.5688;15.4677;13.5;
633);1.13648;0.127937;1.5;11.1915;14.5688;15.4677;13.5;
634);1.13648;0.127937;1.5;11.1915;14.5688;15.4677;13.5;
635);1.13648;0.127937;1.5;11.1915;14.5688;15.4677;13.5;
636);1.13648;0.127937;1.5;11.1915;14.5688;15.4677;13.5;
637);1.13648;0.127937;1.5;11.1915;14.5688;15.4677;13.5;
638);1.13648;0.127937;1.5;11.1915;14.5688;15.4677;13.5;
639);1.13648;0.127937;1.5;11.1915;14.5688;15.4677;13.5;
640);1.13648;0.127937;1.5;11.1915;14.5688;15.4677;13.5;
641);1.13648;0.127937;1.5;11.1915;14.5688;15.4677;13.5;
642);1.13648;0.127937;1.5;11.1915;14.5688;15.4677;13.5;
643);1.13648;0.127937;1.5;11.1915;14.5688;15.4677;13.5;
644);1.13648;0.127937;1.5;11.1915;14.5688;15.4677;13.5;
645);1.13648;0.127937;1.5;11.1915;14.5688;15.4677;13.5;
646);1.13648;0.127937;1.5;11.1915;14.5688;15.4677;13.5;
647);1.13648;0.127937;1.5;11.1915;14.5688;15.4677;13.5;
648);1.13648;0.127937;1.5;11.1915;14.5688;15.4677;13.5;
649);1.13648;0.127937;1.5;11.1915;14.5688;15.4677;13.5;
650);1.13648;0.127937;1.5;11.1915;14.5688;15.4677;13.5;
651);1.13648;0.127937;1.5;11.1915;14.5688;15.4677;13.5;
652);1.13648;0.127937;1.5;11.1915;14.5688;15.4677;13.5;
653);1.13648;0.127937;1.5;11.1915;14.5688;15.4677;13.5;
654);1.13648;0.127937;1.5;11.1915;14.5688;15.4677;13.5;
655);1.13648;0.127937;1.5;11.1915;14.5688;15.4677;13.5;
656);1.13648;0.127937;1.5;11.1915;14.5688;15.4677;13.5;
657);1.13648;0.127937;1.5;11.1915;14.5688;15.4677;13.5;
658);1.13648;0.127937;1.5;11.1915;14.5688;15.4677;13.5;
659);1.13648;0.127937;1.5;11.1915;14.5688;15.4677;13.5;
660);1.13648;0.127937;1.5;11.1915;14.5688;15.4677;13.5;
661);1.13648;0.127937;1.5;11.1915;14.5688;15.4677;13.5;
662);1.13648;0.127937;1.5;11.1915;14.5688;15.4677;13.5;
663);1.13648;0.127937;1.5;11.1915;14.5688;15.4677;13.5;
664);1.13648;0.127937;1.5;11.1915;14.5688;15.4677;13.5;
665);1.13648;0.127937;1.5;11.1915;14.5688;15.4677;13.5;
666);1.13648;0.127937;1.5;11.1915;14.5688;15.4677;13.5;
667);1.13648;0.127937;1.5;11.1915;14.5688;15.4677;13.5;
668);1.13648;0.127937;1.5;11.1915;14.5688;15.4677;13.5;
669);1.13648;0.127937;1.5;11.1915;14.5688;15.4677;13.5;
670);1.13648;0.127937;1.5;11.1915;14.5688;15.4677;13.5;
671);1.13648;0.127937;1.5;11.1915;14.5688;15.4677;13.5;
672);1.13648;0.127937;1.5;11.1915;14.5688;15.4677;13.5;
673);1.13648;0.127937;1.5;11.1915;14.5688;15.4677;13.5;
674);1.13648;0.127937;1.5;11.1915;14.5688;15.4677;13.5;
675);1.13648;0.127937;1.5;11.1915;14.5688;15.4677;13.5;
676);1.13648;0.127937;1.5;11.1915;14.5688;15.4677;13.5;
677);1.13648;0.127937;1.5;11.1915;14.5688;15.4677;13.5;
678);1.13648;0.127937;1.5;11.1915;14.5688;15.4677;13.5;
679);1.13648;0.127937;1.5;11.1915;14.5688;15.4677;13.5;
680);1.13648;0.127937;1.5;11.1915;14.5688;15.4677;13.5;
681);1.13648;0.127937;1.5;11.1915;14.5688;15.4677;13.5;
682);1.13648;0.127937;1.5;11.1915;14.5688;15.4677;13.5;
683);1.13648;0.127937;1.5;11.1915;14.5688;15.4677;13.5;
684);1.13648;0.127937;1.5;11.1915;14.5688;15.4677;13.5;
685);1.13648;0.127937;1.5;11.1915;14.5688;15.4677;13.5;
686);1.13648;0.127937;1.5;11.1915;14.5688;15.4677;13.5;
687);1.13648;0.127937;1.5;11.1915;14.5688;15.4677;13.5;
688);1.13648;0.127937;1.5;11.1915;14.5688;15.4677;13.5;
689);1.13648;0.127937;1.5;11.1915;14.5688;15.4677;13.5;
690);1.13648;0.127937;1.5;11.1915;14.5688;15.4677;13.5;
691);1.13648;0.127937;1.5;11.1915;14.5688;15.4677;13.5;
692);1.13648;0.127937;1.5;11.1915;14.5688;15.4677;13.5;
693);1.13648;0.127937;1.5;11.1915;14.5688;15.4677;13.5;
694);1.13648;0.127937;1.5;11.1915;14.5688;15.4677;13.5;
695);1.13648;0.127937;1.5;11.1915;14.5688;15.4677;13.5;
696);1.13648;0.127937;1.5;11.1915;14.5688;15.4677;13.5;
697);1.13648;0.127937;1.5;11.1915;14.5688;15.4677;13.5;
698);1.13648;0.127937;1.5;11.1915;14.5688;15.4677;13.5;
699);1.13648;0.127937;1.5;11.1915;14.5688;15.4677;13.5;
700);1.13648;0.127937;1.5;11.1915;14.5688;15.4677;13.5;
701);1.13648;0.127937;1.5;11.1915;14.5688;15.4677;13.5;
702);1.13648;0.127937;1.5;11.1915;14.5688;15.4677;13.5;
703);1.13648;0.127937;1.5;11.1915;14.5688;15.4677;13.5;
704);1.13648;0.127937;1.5;11.1915;14.5688;15.4677;13.5;
705);1.13648;0.127937;1.5;11.1915;14.5688;15.4677;13.5;
706);1.13648;0.127937;1.5;11.1915;14.5688;15.4677;13.5;
707);1.13648;0.127937;1.5;11.1915;14.5688;15.4677;13.5;
708);1.13648;0.127937;1.5;11.1915;14.5688;15.4677;13.5;
709);1.13648;0.127937;1.5;11.1915;14.5688;15.4677;13.5;
710);1.13648;0.127937;1.5;11.1915;14.5688;15.4677;13.5;
711);1.13648;0.127937;1.5;11.1915;14.5688;15.4677;13.5;
712);1.13648;0.127937;1.5;11.1915;14.5688;15.4677;13.5;
713);1.13648;0.127937;1.5;11.1915;14.5688;15.4677;13.5;
714);1.13648;0.127937;1.5;11.1915;14.5688;15.4677;13.5;
715);1.13648;0.127937;1.5;11.1915;14.5688;15.4677;13.5;
716);1.13648;0.127937;1.5;11.1915;14.5688;15.4677;13.5;
717);1.13648;0.127937;1.5;11.1915;14.5688;15.4677;13.5;
718);1.13648;0.127937;1.5;11.1915;14.5688;15.4677;13.5;
719);1.13648;0.127937;1.5;11.1915;14.5688;15.4677;13.5;
720);1.13648;0.127937;1.5;11.1915;14.5688;15.4677;13.5;
721);1.13648;0.127937;1.5;11.1915;14.5688;15.4677;13.5;
722);1.13648;0.127937;1.5;11.1915;14.5688;15.4677;13.5;
723);1.13648;0.127937;1.5;11.1915;14.5688;15.4677;13.5;
724);1.13648;0.127937;1.5;11.1915;14.5688;15.4677;13.5;
725);1.13648;0.127937;1.5;11.1915;14.5688;15.4677;13.5;
726);1.13648;0.127937;1.5;11.1915;14.5688;15.4677;13.5;
727);1.13648;0.127937;1.5;11.1915;14.5688;15.4677;13.5;
728);1.13648;0.127937;1.5;11.1915;14.5688;15.4677;13.5;
729);1.13648;0.127937;1.5;11.1915;14.5688;15.4677;13.5;
730);1.13648;0.127937;1.5;11.1915;14.5688;15.4677;13.5;
731);1.13648;0.127937;1.5;11.1915;14.5688;15.4677;13.5;
732);1.13648;0.127937;1.5;11.1915;14.5688;15.4677;13.5;
733);1.13648;0.127937;1.5;11.1915;14.5688;15.4677;13.5;
734);1.13648;0.127937;1.5;11.1915;14.5688;15.4677;13.5;
735);1.13648;0.127937;1.5;11.1915;14.5688;15.4677;13.5;
736);1.13648;0.127937;1.5;11.1915;14.5688;15.4677;13.5;
737);1.13648;0.127937;1.5;11.1915;14.5688;15.4677;13.5;
738);1.13648;0.127937;1.5;11.1915;14.5688;15.4677;13.5;
739);1.13648;0.127937;1.5;11.1915;14.5688;15.4677;13.5;
740);1.13648;0.127937;1.5;11.1915;14.5688;15.4677;13.5;
741);1.13648;0.127937;1.5;11.1915;14.5688;15.4677;13.5;
742);1.13648;0.127937;1.5;11.1915;14.5688;15.4677;13.5;
743);1.13648;0.127937;1.5;11.1915;14.5688;15.4677;13.5;
744);1.13648;0.127937;1.5;11.1915;14.5688;15.4677;13.5;
745);1.13648;0.127937;1.5;11.1915;14.5688;15.4677;13.5;
746);1.13648;0.127937;1.5;11.1915;14.5688;15.4677;13.5;
747);1.13648;0.127937;1.5;11.1915;14.5688;15.4677;13.5;
748);1.13648;0.127937;1.5;11.1915;14.5688;15.4677;13.5;
749);1.13648;0.127937;1.5;11.1915;14.5688;15.4677;13.5;
750);1.13648;0.127937;1.5;11.1915;14.5688;15.4677;13.5;
751);1.13648;0.127937;1.5;11.1915;14.5688;15.4677;13.5;
752);1.13648;0.127937;1.5;11.1915;14.5688;15.4677;13.5;
753);1.13648;0.127937;1.5;11.1915;14.5688;15.4677;13.5;
754);1.13648;0.127937;1.5;11.1915;14.5688;15.4677;13.5;
755);1.13648;0.127937;1.5;11.1915;14.5688;15.4677;13.5;
756);1.13648;0.127937;1.5;11.1915;14.5688;15.4677;13.5;
757);1.13648;0.127937;1.5;11.1915;14.5688;15.4677;13.5;
758);1.13648;0.127937;1.5;11.1915;14.5688;15.4677;13.5;
759);1.13648;0.127937;1.5;11.1915;14.5688;15.4677;13.5;
760);1.13648;0.127937;1.5;11.1915;14.5688;15.4677;13.5;
761);1.13648;0.127937;1.5;11.1915;14.5688;15.4677;13.5;
762);1.13648;0.127937;1.5;11.1915;14.5688;15.4677;13.5;
763);1.13648;0.127937;1.5;11.1915;14.5688;15.4677;13.5;
764);1.13648;0.127937;1.5;11.1915;14.5688;15.4677;13.5;
765);1.13648;0.127937;1.5;11.1915;14.5688;15.4677;13.5;
766);1.13648;0.127937;1.5;11.1915;14.5688;15.4677;13.5;
767);1.13648;0.127937;1.5;11.1915;14.5688;15.4677;13.5;
768);1.13648;0.127937;1.5;11.1915;14.5688;15.4677;13.5;
769);1.13648;0.127937;1.5;11.1915;14.5688;15.4677;13.5;
770);1.13648;0.127937;1.5;11.1915;14.5688;15.4677;13.5;
771);1.13648;0.127937;1.5;11.1915;14.5688;15.4677;13.5;
772);1.13648;0.127937;1.5;11.1915;14.5688;15.4677;13.5;
773);1.13648;0.127937;1.5;11.1915;14.5688;15.4677;13.5;
774);1.13648;0.127937;1.5;11.1915;14.5688;15.4677;13.5;
775);1.13648;0.127937;1.5;11.1915;14.5688;15.4677;13.5;
776);1.13648;0.127937;1.5;11.1915;14.5688;15.4677;13.5;
777);1.13648;0.127937;1.5;11.1915;14.5688;15.4677;13.5;
778);1.13648;0.127937;1.5;11.1915;14.5688;15.4677;13.5;
779);1.13648;0.127937;1.5;11.1915;14.5688;15.4677;13.5;
780);1.13648;0.127937;1.5;11.1915;14.5688;15.4677;13.5;
781);1.13648;0.127937;1.5;11.1915;14.5688;15.4677;13.5;
782);1.13648;0.127937;1.5;11.1915;14.5688;15.4677;13.5;
783);1.13648;0.127937;1.5;11.1915;14.5688;15.4677;13.5;
784);1.13648;0.127937;1.5;11.1915;14.5688;15.4677;13.5;
785);1.13648;0.127937;1.5;11.1915;14.5688;15.4677;13.5;
786);1.13648;0.127937;1.5;11.1915;14.5688;15.4677;13.5;
787);1.13648;0.127937;1.5;11.1915;14.5688;15.4677;13.5;
788);1.13648;0.127937;1.5;11.1915;14.5688;15.4677;13.5;
789);1.13648;0.127937;1.5;11.1915;14.5688;15.4677;13.5;
790);1.13648;0.127937;1.5;11.1915;14.5688;15.4677;13.5;
791);1.13648;0.127937;1.5;11.1915;14.5688;15.4677;13.5;
792);1.13648;0.127937;1.5;11.1915;14.5688;15.4677;13.5;
793);1.13648;0.127937;1.5;11.1915;14.5688;15.4677;13.5;
794);1.13648;0.127937;1.5;11.1915;14.5688;15.4677;13.5;
795);1.13648;0.127937;1.5;11.1915;14.5688;15.4677;13.5;
796);1.13648;0.127937;1.5;11.1915;14.5688;15.4677;13.5;
797);1.13648;0.127937;1.5;11.1915;14.5688;15.4677;13.5;
798);1.13648;0.127937;1.5;11.1915;14.5688;15.4677;13.5;
799);1.13648;0.127937;1.5;11.1915;14.5688;15.4677;13.5;
800);1.13648;0.127937;1.5;11.1915;14.5688;15.4677;13.5;
801);1.13648;0.127937;1.5;11.1915;14.5688;15.4677;13.5;
802);1.13648;0.127937;1.5;11.1915;14.5688;15.4677;13.5;
803);1.13648;0.127937;1.5;11.1915;14.5688;15.4677;13.5;
804);1.13648;0.127937;1.5;11.1915;14.5688;15.4677;13.5;
805);1.13648;0.127937;1.5;11.1915;14.5688;15.4677;13.5;
806);1.13648;0.127937;1.5;11.1915;14.5688;15.4677;13.5;
807);1.13648;0.127937;1.5;11.1915;14.5688;15.4677;13.5;
808);1.13648;0.127937;1.5;11.1915;14.5688;15.4677;13.5;
809);1.13648;0.127937;1.5;11.1915;14.5688;15.4677;13.5;
810);1.13648;0.127937;1.5;11.1915;14.5688;15.4677;13.5;
811);1.13648;0.127937;1.5;11.1915;14.5688;15.4677;13.5;
812);1.13648;0.127937;1.5;11.1915;14.5688;15.4677;13.5;
813);1.13648;0.127937;1.5;11.1915;14.5688;15.4677;13.5;
814);1.13648;0.127937;1.5;11.1915;14.5688;15.4677;13.5;
815);1.13648;0.127937;1.5;11.1915;14.5688;15.4677;13.5;
816);1.13648;0.127937;1.5;11.1915;14.5688;15.4677;13.5;
817);1.13648;0.127937;1.5;11.1915;14.5688;15.4677;13.5;
818);1.13648;0.127937;1.5;11.1915;14.5688;15.4677;13.5;
819);1.13648;0.127937;1.5;11.1915;14.5688;15.4677;13.5;
820);1.13648;0.127937;1.5;11.1915;14.5688;15.4677;13.5;
821);1.13648;0.127937;1.5;11.1915;14.5688;15.4677;13.5;
822);1.13648;0.127937;1.5;11.1915;14.5688;15.4677;13.5;
823);1.13648;0.127937;1.5;11.1915;14.5688;15.4677;13.5;
824);1.13648;0.127937;1.5;11.1915;14.5688;15.4677;13.5;
825);1.13648;0.127937;1.5;11.1915;14.5688;15.4677;13.5;
826);1.13648;0.127937;1.5;11.1915;14.5688;15.4677;13.5;
827);1.13648;0.127937;1.5;11.1915;14.5688;15.4677;13.5;
828);1.13648;0.127937;1.5;11.1915;14.5688;15.4677;13.5;
829);1.13648;0.127937;1.5;11.1915;14.5688;15.4677;13.5;
830);1.13648;0.127937;1.5;11.1915;14.5688;15.4677;13.5;
831);1.13648;0.127937;1.5;11.1915;14.5688;15.4677;13.5;
832);1.13648;0.127937;1.5;11.1915;14.5688;15.4677;13.5;
833);1.13648;0.127937;1.5;11.1915;14.5688;15.4677;13.5;
834);1.13648;0.127937;1.5;11.1915;14.5688;15.4677;13.5;
835);1.13648;0.127937;1.5;11.1915;14.5688;15.4677;13.5;
836);1.13648;0.127937;1.5;11.1915;14.5688;15.4677;13.5;
837);1.13648;0.127937;1.5;11.1915;14.5688;15.4677;13.5;
838);1.13648;0.127937;1.5;11.1915;14.5688;15.4677;13.5;
839);1.13648;0.127937;1.5;11.1915;14.5688;15.4677;13.5;
840);1.13648;0.127937;1.5;11.1915;14.5688;15.4677;13.5;
841);1.13648;0.127937;1.5;11.1915;14.5688;15.4677;13.5;
842);1.13648;0.127937;1.5;11.1915;14.5688;15.4677;13.5;
843);1.13648;0.127937;1.5;11.1915;14.5688;15.4677;13.5;
844);1.13648;0.127937;1.5;11.1915;14.5688;15.4677;13.5;
845);1.13648;0.127937;1.5;11.1915;14.5688;15.4677;13.5;
846);1.13648;0.127937;1.5;11.1915;14.5688;15.4677;13.5;
847);1.13648;0.127937;1.5;11.1915;14.5688;15.4677;13.5;
848);1.13648;0.127937;1.5;11.1915;14.5688;15.4677;13.5;
849);1.13648;0.127937;1.5;11.1915;14.5688;15.4677;13.5;
850);1.13648;0.127937;1.5;11.1915;14.5688;15.4677;13.5;
851);1.13648;0.127937;1.5;11.1915;14.5688;15.4677;13.5;
852);1.13648;0.127937;1.5;11.1915;14.5688;15.4677;13.5;
853);1.13648;0.127937;1.5;11.1915;14.5688;15.4677;13.5;
854);1.13648;0.127937;1.5;11.1915;14.5688;15.4677;13.5;
855);1.13648;0.127937;1.5;11.1915;14.5688;15.4677;13.5;
856);1.13648;0.127937;1.5;11.1915;14.5688;15.4677;13.5;
857);1.13648;0.127937;1.5;11.1915;14.5688;15.4677;13.5;
858);1.13648;0.127937;1.5;11.1915;14.5688;15.4677;13.5;
859);1.13648;0.127937;1.5;11.1915;14.5688;15.4677;13.5;
860);1.13648;0.127937;1.5;11.1915;14.5688;15.4677;13.5;
861);1.13648;0.127937;1.5;11.1915;14.5688;15.4677;13.5;
862);1.13648;0.127937;1.5;11.1915;14.5688;15.4677;13.5;
863);1.13648;0.127937;1.5;11.1915;14.5688;15.4677;13.5;
864);1.13648;0.127937;1.5;11.1915;14.5688;15.4677;13.5;
865);1.13648;0.127937;1.5;11.1915;14.5688;15.4677;13.5;
866);1.13648;0.127937;1.5;11.1915;14.5688;15.4677;13.5;
867);1.13648;0.127937;1.5;11.1915;14.5688;15.4677;13.5;
868);1.13648;0.127937;1.5;11.1915;14.5688;15.4677;13.5;
869);1.13648;0.127937;1.5;11.1915;14.5688;15.4677;13.5;
870);1.13648;0.127937;1.5;11.1915;14.5688;15.4677;13.5;
871);1.13648;0.127937;1.5;11.1915;14.5688;15.4677;13.5;
872);1.13648;0.127937;1.5;11.1915;14.5688;15.4677;13.5;
873);1.13648;0.127937;1.5;11.1915;14.5688;15.4677;13.5;
874);1.13648;0.127937;1.5;11.1915;14.5688;15.4677;13.5;
875);1.13648;0.127937;1.5;11.1915;14.5688;15.4677;13.5;
876);1.13648;0.127937;1.5;11.1915;14.5688;15.4677;13.5;
877);1.13648;0.127937;1.5;11.1915;14.5688;15.4677;13.5;
878);1.13648;0.127937;1.5;11.1915;14.5688;15.4677;13.5;
879);1.13648;0.127937;1.5;11.1915;14.5688;15.4677;13.5;
880);1.13648;0.127937;1.5;11.1915;14.5688;15.4677;13.5;
881);1.13648;0.127937;1.5;11.1915;14.5688;15.4677;13.5;
882);1.13648;0.127937;1.5;11.1915;14.5688;15.4677;13.5;
883);1.13648;0.127937;1.5;11.1915;14.5688;15.4677;13.5;
884);1.13648;0.127937;1.5;11.1915;14.5688;15.4677;13.5;
885);1.13648;0.127937;1.5;11.1915;14.5688;15.4677;13.5;
886);1.13648;0.127937;1.5;11.1915;14.5688;15.4677;13.5;
887);1.13648;0.127937;1.5;11.1915;14.5688;15.4677;13.5;
888);1.13648;0.127937;1.5;11.1915;14.5688;15.4677;13.5;
889);1.13648;0.127937;1.5;11.1915;14.5688;15.4677;13.5;
890);1.13648;0.127937;1.5;11.1915;14.5688;15.4677;13.5;
891);1.13648;0.127937;1.5;11.1915;14.5688;15.4677;13.5;
892);1.13648;0.127937;1.5;11.1915;14.5688;15.4677;13.5;
893);1.13648;0.127937;1.5;11.1915;14.5688;15.4677;13.5;
894);1.13648;0.127937;1.5;11.1915;14.5688;15.4677;13.5;
895);1.13648;0.127937;1.5;11.1915;14.5688;15.4677;13.5;
896);1.13648;0.127937;1.5;11.1915;14.5688;15.4677;13.5;
897);1.13648;0.127937;1.5;11.1915;14.5688;15.4677;13.5;
898);1.13648;0.127937;1.5;11.1915;14.5688;15.4677;13.5;
899);1.13648;0.127937;1.5;11.1915;14.5688;15.4677;13.5;
900);1.13648;0.127937;1.5;11.1915;14.5688;15.4677;13.5;
901);1.13648;0.127937;1.5;11.1915;14.5688;15.4677;13.5;
902);1.13648;0.127937;1.5;11.1915;14.5688;15.4677;13.5;
903);1.13648;0.127937;1.5;11.1915;14.5688;15.4677;13.5;
904);1.13648;0.127937;1.5;11.1915;14.5688;15.4677;13.5;
905);1.13648;0.127937;1.5;11.1915;14.5688;15.4677;13.5;
906);1.13648;0.127937;1.5;11.1915;14.5688;15.4677;13.5;
907);1.13648;0.127937;1.5;11.1915;14.5688;15.4677;13.5;
908);1.13648;0.127937;1.5;11.1915;14.5688;15.4677;13.5;
909);1.13648;0.127937;1.5;11.1915;14.5688;15.4677;13.5;
910);1.13648;0.127937;1.5;11.1915;14.5688;15.4677;13.5;
911);1.13648;0.127937;1.5;11.1915;14.5688;15.4677;13.5;
912);1.13648;0.127937;1.5;11.1915;14.5688;15.4677;13.5;
913);1.13648;0.127937;1.5;11.1915;14.5688;15.4677;13.5;
914);1.13648;0.127937;1.5;11.1915;14.5688;15.4677;13.5;
915);1.13648;0.127937;1.5;11.1915;14.5688;15.4677;13.5;
916);1.13648;0.127937;1.5;11.1915;14.5688;15.4677;13.5;
917);1.13648;0.127937;1.5;11.1915;14.5688;15.4677;13.5;
918);1.13648;0.127937;1.5;11.1915;14.5688;15.4677;13.5;
919);1.13648;0.127937;1.5;11.1915;14.5688;15.4677;13.5;
920);1.13648;0.127937;1.5;11.1915;14.5688;15.4677;13.5;
921);1.13648;0.127937;1.5;11.1915;14.5688;15.4677;13.5;
922);1.13648;0.127937;1.5;11.1915;14.5688;15.4677;13.5;
923);1.13648;0.127937;1.5;11.1915;14.5688;15.4677;13.5;
924);1.13648;0.127937;1.5;11.1915;14.5688;15.4677;13.5;
925);1.13648;0.127937;1.5;11.1915;14.5688;15.4677;13.5;
926);1.13648;0.127937;1.5;11.1915;14.5688;15.4677;13.5;
927);1.13648;0.127937;1.5;11.1915;14.5688;15.4677;13.5;
928);1.13648;0.127937;1.5;11.1915;14.5688;15.4677;13.5;
929);1.13648;0.127937;1.5;11.1915;14.5688;15.4677;13.5;
930);1.13648;0.127937;1.5;11.1915;14.5688;15.4677;13.5;
931);1.13648;0.127937;1.5;11.1915;14.5688;15.4677;13.5;
932);1.13648;0.127937;1.5;11.1915;14.5688;15.4677;13.5;
933);1.13648;0.127937;1.5;11.1915;14.5688;15.4677;13.5;
934);1.13648;0.127937;1.5;11.1915;14.5688;15.4677;13.5;
935);1.13648;0.127937;1.5;11.1915;14.5688;15.4677;13.5;
936);1.13648;0.127937;1.5;11.1915;14.5688;15.4677;13.5;
937);1.13648;0.127937;1.5;11.1915;14.5688;15.4677;13.5;
938);1.13648;0.127937;1.5;11.1915;14.5688;15.4677;13.5;
939);1.13648;0.127937;1.5;11.1915;14.5688;15.4677;13.5;
940);1.13648;0.127937;1.5;11.1915;14.5688;15.4677;13.5;
941);1.13648;0.127937;1.5;11.1915;14.5688;15.4677;13.5;
942);1.13648;0.127937;1.5;11.1915;14.5688;15.4677;13.5;
943);1.13648;0.127937;1.5;11.1915;14.5688;15.4677;13.5;
944);1.13648;0.127937;1.5;11.1915;14.5688;15.4677;13.5;
945);1.13648;0.127937;1.5;11.1915;14.5688;15.4677;13.5;
946);1.13648;0.127937;1.5;11.1915;14.5688;15.4677;13.5;
947);1.13648;0.127937;1.5;11.1915;14.5688;15.4677;13.5;
948);1.13648;0.127937;1.5;11.1915;14.5688;15.4677;13.5;
949);1.13648;0.127937;1.5;11.1915;14.5688;15.4677;13.5;
950);1.13648;0.127937;1.5;11.1915;14.5688;15.4677;13.5;
951);1.13648;0.127937;1.5;11.1915;14.5688;15.4677;13.5;
952);1.13648;0.127937;1.5;11.1915;14.5688;15.4677;13.5;
953);1.13648;0.127937;1.5;11.1915;14.5688;15.4677;13.5;
954);1.13648;0.127937;1.5;11.1915;14.5688;15.4677;13.5;
955);1.13648;0.127937;1.5;11.1915;14.5688;15.4677;13.5;
956);1.13648;0.127937;1.5;11.1915;14.5688;15.4677;13.5;
957);1.13648;0.127937;1.5;11.1915;14.5688;15.4677;13.5;
958);1.13648;0.127937;1.5;11.1915;14.5688;15.4677;13.5;
959);1.13648;0.127937;1.5;11.1915;14.5688;15.4677;13.5;
960);1.13648;0.127937;1.5;11.1915;14.5688;15.4677;13.5;
961);1.13648;0.127937;1.5;11.1915;14.5688;15.4677;13.5;
962);1.13648;0.127937;1.5;11.1915;14.5688;15.4677;13.5;
963);1.13648;0.127937;1.5;11.1915;14.5688;15.4677;13.5;
964);1.13648;0.127937;1.5;11.1915;14.5688;15.4677;13.5;
965);1.13648;0.127937;1.5;11.1915;14.5688;15.4677;13.5;
966);1.13648;0.127937;1.5;11.1915;14.5688;15.4677;13.5;
967);1.13648;0.127937;1.5;11.1915;14.5688;15.4677;13.5;
968);1.13648;0.127937;1.5;11.1915;14.5688;15.4677;13.5;
969);1.13648;0.127937;1.5;11.1915;14.5688;15.4677;13.5;
970);1.13648;0.127937;1.5;11.1915;14.5688;15.4677;13.5;
971);1.13648;0.127937;1.5;11.1915;14.5688;15.4677;13.5;
972);1.13648;0.127937;1.5;11.1915;14.5688;15.4677;13.5;
973);1.13648;0.127937;1.5;11.1915;14.5688;15.4677;13.5;
974);1.13648;0.127937;1.5;11.1915;14.5688;15.4677;13.5;
975);1.13648;0.127937;1.5;11.1915;14.5688;15.4677;13.5;
976);1.13648;0.127937;1.5;11.1915;14.5688;15.4677;13.5;
977);1.13648;0.127937;1.5;11.1915;14.5688;15.4677;13.5;
978);1.13648;0.127937;1.5;11.1915;14.5688;15.4677;13.5;
979);1.13648;0.127937;1.5;11.1915;14.5688;15.4677;13.5;
980);1.13648;0.127937;1.5;11.1915;14.5688;15.4677;13.5;
981);1.13648;0.127937;1.5;11.1915;14.5688;15.4677;13.5;
982);1.13648;0.127937;1.5;11.1915;14.5688;15.4677;13.5;
983);1.13648;0.127937;1.5;11.1915;14.5688;15.4677;13.5;
984);1.13648;0.127937;1.5;11.1915;14.5688;15.4677;13.5;
985);1.13648;0.127937;1.5;11.1915;14.5688;15.4677;13.5;
986);1.13648;0.127937;1.5;11.1915;14.5688;15.4677;13.5;
987);1.13648;0.127937;1.5;11.1915;14.5688;15.4677;13.5;
988);1.13648;0.127937;1.5;11.1915;14.5688;15.4677;13.5;
989);1.13648;0.127937;1.5;11.1915;14.5688;15.4677;13.5;
990);1.13648;0.127937;1.5;11.1915;14.5688;15.4677;13.5;
991);1.13648;0.127937;1.5;11.1915;14.5688;15.4677;13.5;
992);1.13648;0.127937;1.5;11.1915;14.5688;15.4677;13.5;
993);1.13648;0.127937;1.5;11.1915;14.5688;15.4677;13.5;
994);1.13648;0.127937;1.5;11.1915;14.5688;15.4677;13.5;
995);1.13648;0.127937;1.5;11.1915;14.5688;15.4677;13.5;
996);1.13648;0.127937;1.5;11.1915;14.5688;15.4677;13.5;
997);1.13648;0.127937;1.5;11.1915;14.5688;15.4677;13.5;
998);1.13648;0.127937;1.5;11.1915;14.5688;15.4677;13.5;
999);1.13648;0.127937;1.5;11.1915;14.5688;15.4677;13.5;
1000);1.13648;0.127937;1.5;11.1915;14.5688;15.4677;13.5;
